,trees,max_depth,min_samples,feature_subset_size,RMSE,Std. Dev.,R_squared
0,50,20,10,4,5934.915045211968,28765.637031736067,0.9574322180786945
1,50,20,10,9,4669.167533908369,28765.637031736067,0.9736530151431754
2,50,20,10,14,4761.4432802632255,28765.637031736067,0.9726013453575697
3,50,20,100,4,8435.482031593414,28765.637031736067,0.9140052740134367
4,50,20,100,9,6366.986109373618,28765.637031736067,0.9510086042650497
5,50,20,100,14,5982.754995735102,28765.637031736067,0.9567431944956949
6,50,20,200,4,10172.342055159705,28765.637031736067,0.8749470565854965
7,50,20,200,9,7534.666613483693,28765.637031736067,0.9313911579843804
8,50,20,200,14,7159.184567159957,28765.637031736067,0.9380588697957657
9,50,50,10,4,5960.113566480331,28765.637031736067,0.9570699812905897
10,50,50,10,9,4599.792585011453,28765.637031736067,0.9744301308688731
11,50,50,10,14,4838.486162941583,28765.637031736067,0.971707520202364
12,50,50,100,4,8558.437115945304,28765.637031736067,0.9114800957202616
13,50,50,100,9,6220.750371373682,28765.637031736067,0.9532332106091037
14,50,50,100,14,5937.146736495686,28765.637031736067,0.9574001987462811
15,50,50,200,4,9860.46681456144,28765.637031736067,0.8824975399172512
16,50,50,200,9,7405.035872349635,28765.637031736067,0.9337316219583516
17,50,50,200,14,7178.867383648977,28765.637031736067,0.937717810885042
18,50,100,10,4,5891.358590748056,28765.637031736067,0.9580547368501166
19,50,100,10,9,4604.4349401741,28765.637031736067,0.9743784918816031
20,50,100,10,14,4995.383261963134,28765.637031736067,0.9698428958206251
21,50,100,100,4,8244.073482963558,28765.637031736067,0.9178635901652256
22,50,100,100,9,6242.462520965325,28765.637031736067,0.9529061826803671
23,50,100,100,14,5921.954652373077,28765.637031736067,0.9576179301869839
24,50,100,200,4,10235.172369002124,28765.637031736067,0.8733974860535505
25,50,100,200,9,7417.737520330753,28765.637031736067,0.9335040904482126
26,50,100,200,14,7141.934106652598,28765.637031736067,0.938357011487477
27,70,20,10,4,5897.784680871159,28765.637031736067,0.9579631820612707
28,70,20,10,9,4588.198904768508,28765.637031736067,0.9745588650604714
29,70,20,10,14,4723.394615887073,28765.637031736067,0.9730374807556846
30,70,20,100,4,8422.163012449608,28765.637031736067,0.9142766185963825
31,70,20,100,9,6172.506323519264,28765.637031736067,0.9539557827153987
32,70,20,100,14,5957.773500641239,28765.637031736067,0.9571036851279284
33,70,20,200,4,9898.86391253739,28765.637031736067,0.8815806385084343
34,70,20,200,9,7463.507470478212,28765.637031736067,0.9326809542253927
35,70,20,200,14,7215.941186255436,28765.637031736067,0.9370728623885018
36,70,50,10,4,5845.520932587552,28765.637031736067,0.9587049070736267
37,70,50,10,9,4760.076489646705,28765.637031736067,0.9726170728784235
38,70,50,10,14,4781.896417599201,28765.637031736067,0.9723654538395979
39,70,50,100,4,8512.206219900629,28765.637031736067,0.9124338449653008
40,70,50,100,9,6099.436271182461,28765.637031736067,0.9550394719052172
41,70,50,100,14,5945.26073827604,28765.637031736067,0.9572836811417206
42,70,50,200,4,9564.649093523192,28765.637031736067,0.8894420212287049
43,70,50,200,9,7594.6971951639825,28765.637031736067,0.9302935551357208
44,70,50,200,14,7087.761564000275,28765.637031736067,0.9392886058243486
45,70,100,10,4,5643.196018643389,28765.637031736067,0.961514043955904
46,70,100,10,9,4641.930405517645,28765.637031736067,0.9739595036691752
47,70,100,10,14,4852.912779470395,28765.637031736067,0.971538552784541
48,70,100,100,4,8429.116464453391,28765.637031736067,0.9141350113915684
49,70,100,100,9,6164.269935824348,28765.637031736067,0.9540785804845644
50,70,100,100,14,5925.558452163036,28765.637031736067,0.9575663313561648
51,70,100,200,4,9751.81231422434,28765.637031736067,0.8850728397063722
52,70,100,200,9,7679.920010689538,28765.637031736067,0.9287203758443119
53,70,100,200,14,7078.37075494516,28765.637031736067,0.9394493763055782
54,100,20,10,4,5781.15873938767,28765.637031736067,0.9596092612523234
55,100,20,10,9,4620.307627406901,28765.637031736067,0.9742015393739323
56,100,20,10,14,4860.953179011771,28765.637031736067,0.971444163706486
57,100,20,100,4,8389.282083735443,28765.637031736067,0.914944656538993
58,100,20,100,9,6210.266976240625,28765.637031736067,0.9533907033841555
59,100,20,100,14,5905.752697896202,28765.637031736067,0.9578495202845013
60,100,20,200,4,10137.906444068636,28765.637031736067,0.8757922868499863
61,100,20,200,9,7356.357353439364,28765.637031736067,0.9346000157563009
62,100,20,200,14,7109.920837857573,28765.637031736067,0.9389083945512646
63,100,50,10,4,5768.250370570614,28765.637031736067,0.9597894315261732
64,100,50,10,9,4657.589601143987,28765.637031736067,0.973783516100903
65,100,50,10,14,4906.620889865064,28765.637031736067,0.9709050902308167
66,100,50,100,4,8146.1427444629135,28765.637031736067,0.9198033846501186
67,100,50,100,9,6081.677522367071,28765.637031736067,0.9553008994670057
68,100,50,100,14,5977.606558534549,28765.637031736067,0.9568176114232957
69,100,50,200,4,9730.939841668293,28765.637031736067,0.8855642861675876
70,100,50,200,9,7471.483897160343,28765.637031736067,0.9325369864277113
71,100,50,200,14,7059.012356156082,28765.637031736067,0.9397801191576061
72,100,100,10,4,5687.466270786648,28765.637031736067,0.9609078392564966
73,100,100,10,9,4618.402528912492,28765.637031736067,0.9742228100250226
74,100,100,10,14,4795.464690949195,28765.637031736067,0.9722084094396075
75,100,100,100,4,8133.801705575976,28765.637031736067,0.9200461891029719
76,100,100,100,9,6148.281884814369,28765.637031736067,0.9543164811211913
77,100,100,100,14,5991.361198838551,28765.637031736067,0.9566186550102967
78,100,100,200,4,9916.128884777121,28765.637031736067,0.8811671991568568
79,100,100,200,9,7399.0269131861505,28765.637031736067,0.9338391278284638
80,100,100,200,14,7156.249976623756,28765.637031736067,0.9381096394324848
