,trees,max_depth,min_samples,feature_subset_size,RMSE,Std. Dev.,R_squared
0,50,20,10,4,13561.854181291988,28765.637031736067,0.7777252407041553
1,50,20,10,9,7017.258051750961,28765.637031736067,0.9404904175992392
2,50,20,10,14,4886.5300549242365,28765.637031736067,0.9711428686534876
3,50,20,100,4,14065.891997933573,28765.637031736067,0.7608961524970402
4,50,20,100,9,8620.088569683094,28765.637031736067,0.9102001804576114
5,50,20,100,14,5477.484275624361,28765.637031736067,0.9637411282160705
6,50,20,200,4,13540.012291944815,28765.637031736067,0.7784406283097038
7,50,20,200,9,9515.52289977994,28765.637031736067,0.8905748060199195
8,50,20,200,14,6160.2927854792915,28765.637031736067,0.9541378178227781
9,50,50,10,4,12592.704512743841,28765.637031736067,0.8083582918339535
10,50,50,10,9,7702.649371036442,28765.637031736067,0.9282978355755799
11,50,50,10,14,4903.539631340003,28765.637031736067,0.9709416207849048
12,50,50,100,4,14038.619533653386,28765.637031736067,0.7618224541323033
13,50,50,100,9,7664.907665925196,28765.637031736067,0.928998771563454
14,50,50,100,14,5390.632940236487,28765.637031736067,0.9648818581073066
15,50,50,200,4,14507.073450564316,28765.637031736067,0.7456617800128892
16,50,50,200,9,7702.660978150685,28765.637031736067,0.9282976194795847
17,50,50,200,14,6267.378526006911,28765.637031736067,0.9525294943126618
18,50,100,10,4,13212.673641275094,28765.637031736067,0.7890238205896272
19,50,100,10,9,6716.439477570258,28765.637031736067,0.945483217194729
20,50,100,10,14,4815.428791010257,28765.637031736067,0.9719765282554519
21,50,100,100,4,14254.319372125236,28765.637031736067,0.7544471507560432
22,50,100,100,9,7989.4478336935745,28765.637031736067,0.9228589513242863
23,50,100,100,14,5562.308024362983,28765.637031736067,0.9626094306747285
24,50,100,200,4,14169.298409128543,28765.637031736067,0.7573676519078276
25,50,100,200,9,8403.385229084708,28765.637031736067,0.9146584446476643
26,50,100,200,14,6253.5214800852245,28765.637031736067,0.9527391748935443
27,70,20,10,4,14097.091719978138,28765.637031736067,0.7598342579352219
28,70,20,10,9,6885.116655747977,28765.637031736067,0.9427105551786019
29,70,20,10,14,4854.1711050395015,28765.637031736067,0.9715237911716625
30,70,20,100,4,13595.612270438853,28765.637031736067,0.7766172933745409
31,70,20,100,9,7020.241785312231,28765.637031736067,0.9404397999687426
32,70,20,100,14,5492.157300487747,28765.637031736067,0.9635466082887154
33,70,20,200,4,14109.872472907693,28765.637031736067,0.7593985807739668
34,70,20,200,9,7984.286365107225,28765.637031736067,0.9229585908725002
35,70,20,200,14,6121.81594616468,28765.637031736067,0.9547089338331365
36,70,50,10,4,11861.163963982728,28765.637031736067,0.8299774104064442
37,70,50,10,9,8076.380438081239,28765.637031736067,0.9211710858920988
38,70,50,10,14,4718.47531323434,28765.637031736067,0.9730936131495235
39,70,50,100,4,14156.391198307469,28765.637031736067,0.7578094917786101
40,70,50,100,9,6632.64504859202,28765.637031736067,0.9468350364756088
41,70,50,100,14,5420.121112427528,28765.637031736067,0.9644965963966493
42,70,50,200,4,14705.294413484664,28765.637031736067,0.7386638700544375
43,70,50,200,9,8673.411437819568,28765.637031736067,0.9090857617155887
44,70,50,200,14,6381.052468856284,28765.637031736067,0.9507918951948084
45,70,100,10,4,13197.945312701311,28765.637031736067,0.7894939138786209
46,70,100,10,9,7999.858540783589,28765.637031736067,0.9226577819526217
47,70,100,10,14,4763.4268478674385,28765.637031736067,0.9725785126151585
48,70,100,100,4,14897.05008112425,28765.637031736067,0.7318038351552978
49,70,100,100,9,8095.68376821215,28765.637031736067,0.9207938181240709
50,70,100,100,14,5525.639951595904,28765.637031736067,0.9631007810270202
51,70,100,200,4,16356.460208778026,28765.637031736067,0.6766814290557183
52,70,100,200,9,9703.235526315042,28765.637031736067,0.88621496330456
53,70,100,200,14,6236.165957450887,28765.637031736067,0.9530011386889414
54,100,20,10,4,13265.778815990265,28765.637031736067,0.7873244760175295
55,100,20,10,9,7009.371215064552,28765.637031736067,0.9406241104469527
56,100,20,10,14,4795.350976782121,28765.637031736067,0.9722097274599898
57,100,20,100,4,13892.56588803636,28765.637031736067,0.7667525319838707
58,100,20,100,9,8263.98209587842,28765.637031736067,0.9174664087374331
59,100,20,100,14,5396.866400350678,28765.637031736067,0.9648005934001375
60,100,20,200,4,14937.57314540421,28765.637031736067,0.7303427523030279
61,100,20,200,9,9584.425641327985,28765.637031736067,0.8889843535054137
62,100,20,200,14,6272.054295293911,28765.637031736067,0.952458637277775
63,100,50,10,4,12939.092616435093,28765.637031736067,0.7976702939080222
64,100,50,10,9,6331.802600668289,28765.637031736067,0.9515485541494506
65,100,50,10,14,4850.8777015905525,28765.637031736067,0.9715624184996668
66,100,50,100,4,14555.234916076859,28765.637031736067,0.7439702418207829
67,100,50,100,9,7577.523970019966,28765.637031736067,0.9306084409065839
68,100,50,100,14,5486.743333276008,28765.637031736067,0.9636184416987265
69,100,50,200,4,15025.126400816172,28765.637031736067,0.7271724166426996
70,100,50,200,9,8705.459669044883,28765.637031736067,0.9084126647460788
71,100,50,200,14,6204.194600934149,28765.637031736067,0.953481807605761
72,100,100,10,4,12174.823725780414,28765.637031736067,0.8208662689609272
73,100,100,10,9,6631.801121981966,28765.637031736067,0.9468485648561238
74,100,100,10,14,4722.826757504432,28765.637031736067,0.9730439633697612
75,100,100,100,4,13879.193280549383,28765.637031736067,0.7672013512543711
76,100,100,100,9,7033.272411511009,28765.637031736067,0.940218489360886
77,100,100,100,14,5439.158857420265,28765.637031736067,0.96424675261604
78,100,100,200,4,14564.872755573164,28765.637031736067,0.743631066164808
79,100,100,200,9,8664.391451574023,28765.637031736067,0.9092747574246771
80,100,100,200,14,6155.574650935492,28765.637031736067,0.9542080421091477
