,trees,max_depth,min_samples,feature_subset_size,RMSE,Std. Dev.,R_squared
0,50,20,10,2,13571.591960018992,35513.738377286485,0.8539610151004757
1,50,20,10,3,15182.455594308156,35513.738377286485,0.8172357464039149
2,50,20,10,5,10631.557229753214,35513.738377286485,0.9103808169474685
3,50,20,100,2,31517.32778638532,35513.738377286485,0.21239947861988762
4,50,20,100,3,27442.213524645565,35513.738377286485,0.4029021651215319
5,50,20,100,5,17971.812955897713,35513.738377286485,0.7439109565673276
6,50,20,200,2,35340.10606813662,35513.738377286485,0.009754413874269008
7,50,20,200,3,35354.37895535309,35513.738377286485,0.008954386979206252
8,50,20,200,5,35410.649472575766,35513.738377286485,0.005797152692018748
9,50,50,10,2,18881.79893489233,35513.738377286485,0.7173207337426774
10,50,50,10,3,14631.621131330816,35513.738377286485,0.8302569067468002
11,50,50,10,5,9799.128940089398,35513.738377286485,0.9238653838342883
12,50,50,100,2,30851.100228157153,35513.738377286485,0.24534486528258725
13,50,50,100,3,22033.983056218538,35513.738377286485,0.6150598242587606
14,50,50,100,5,13443.218881805265,35513.738377286485,0.8567107011105934
15,50,50,200,2,35291.01419187938,35513.738377286485,0.012503655705799144
16,50,50,200,3,35301.70584580973,35513.738377286485,0.011905227538349994
17,50,50,200,5,35411.81014876153,35513.738377286485,0.005731976452797438
18,50,70,10,2,17870.8703978606,35513.738377286485,0.7467796361325286
19,50,70,10,3,14622.930552160156,35513.738377286485,0.8304584876493605
20,50,70,10,5,7637.141790145557,35513.738377286485,0.9537545589805102
21,50,70,100,2,30642.523869647677,35513.738377286485,0.2555144305437689
22,50,70,100,3,26595.933255540473,35513.738377286485,0.43916167088201796
23,50,70,100,5,15856.383934844418,35513.738377286485,0.8006503287025564
24,50,70,200,2,35337.89033573992,35513.738377286485,0.009878581608167014
25,50,70,200,3,35311.63529875801,35513.738377286485,0.01134929857457545
26,50,70,200,5,35399.61813607055,35513.738377286485,0.006416496195381871
27,70,20,10,2,16045.940231604533,35513.738377286485,0.7958555589467269
28,70,20,10,3,17550.16324585419,35513.738377286485,0.7557865724801035
29,70,20,10,5,7431.484527118401,35513.738377286485,0.9562116708665533
30,70,20,100,2,30382.87160855533,35513.738377286485,0.2680779098689441
31,70,20,100,3,26116.566159972153,35513.738377286485,0.45919665706837565
32,70,20,100,5,18662.186482343073,35513.738377286485,0.7238581261231518
33,70,20,200,2,35300.25957337222,35513.738377286485,0.011986188213049531
34,70,20,200,3,35325.75057035376,35513.738377286485,0.010558745420833904
35,70,20,200,5,35408.974532188,35513.738377286485,0.005891202992947875
36,70,50,10,2,19253.523629097082,35513.738377286485,0.7060809991809772
37,70,50,10,3,14499.855196704731,35513.738377286485,0.8333004036154188
38,70,50,10,5,10704.935577495131,35513.738377286485,0.909139455709632
39,70,50,100,2,27725.015151201253,35513.738377286485,0.3905321483420372
40,70,50,100,3,26976.111333401055,35513.738377286485,0.4230131588946382
41,70,50,100,5,17050.62745592693,35513.738377286485,0.7694909669436291
42,70,50,200,2,35292.581996741166,35513.738377286485,0.012415914619605228
43,70,50,200,3,35351.7001401048,35513.738377286485,0.009104565124016917
44,70,50,200,5,35392.07096443214,35513.738377286485,0.0068401135263992385
45,70,70,10,2,18546.696846999555,35513.738377286485,0.7272653201423225
46,70,70,10,3,14720.168607596443,35513.738377286485,0.8281961914573396
47,70,70,10,5,9200.481344674092,35513.738377286485,0.9328836521669174
48,70,70,100,2,27581.972830353967,35513.738377286485,0.39680480870913026
49,70,70,100,3,26370.03805220872,35513.738377286485,0.4486482835307546
50,70,70,100,5,17054.349490031324,35513.738377286485,0.7693903189025804
51,70,70,200,2,35272.553188006015,35513.738377286485,0.013536519514417922
52,70,70,200,3,35332.6454818126,35513.738377286485,0.010172467676886066
53,70,70,200,5,35402.47114557774,35513.738377286485,0.006256335291827009
54,100,20,10,2,16578.487906213588,35513.738377286485,0.7820800193811984
55,100,20,10,3,17501.61106009502,35513.738377286485,0.7571359268216533
56,100,20,10,5,10003.614264384983,35513.738377286485,0.9206547208706855
57,100,20,100,2,28673.80843269893,35513.738377286485,0.3481045094432419
58,100,20,100,3,24481.21794007602,35513.738377286485,0.5248034725905308
59,100,20,100,5,18169.100807169776,35513.738377286485,0.7382575959450626
60,100,20,200,2,35316.20845318038,35513.738377286485,0.011093204793628075
61,100,20,200,3,35352.446300590644,35513.738377286485,0.009062735462698979
62,100,20,200,5,35396.454124903525,35513.738377286485,0.006594100868814068
63,100,50,10,2,16931.562255653553,35513.738377286485,0.7726990339066934
64,100,50,10,3,14970.669611606865,35513.738377286485,0.8222990825626014
65,100,50,10,5,10208.100653874077,35513.738377286485,0.9173777333399227
66,100,50,100,2,31666.041261809085,35513.738377286485,0.20494940918002125
67,100,50,100,3,25496.248738284125,35513.738377286485,0.48458174909336993
68,100,50,100,5,13736.232875661764,35513.738377286485,0.8503962402997373
69,100,50,200,2,35299.17726344114,35513.738377286485,0.012046772513588433
70,100,50,200,3,35339.828792163695,35513.738377286485,0.00976995260698632
71,100,50,200,5,35368.84109955454,35513.738377286485,0.0081434223144764
72,100,70,10,2,19282.40377604068,35513.738377286485,0.7051985850957185
73,100,70,10,3,14381.787302499175,35513.738377286485,0.8360041186958109
74,100,70,10,5,9415.33877766843,35513.738377286485,0.9297123342982809
75,100,70,100,2,27578.547539537438,35513.738377286485,0.39695461602499127
76,100,70,100,3,25621.864052273035,35513.738377286485,0.47949049680684797
77,100,70,100,5,18724.468719850163,35513.738377286485,0.7220118866288707
78,100,70,200,2,35304.30437913082,35513.738377286485,0.011759756285411038
79,100,70,200,3,35350.0257643133,35513.738377286485,0.00919842720309405
80,100,70,200,5,35419.11253632346,35513.738377286485,0.005321871517354193
