,trees,max_depth,min_samples,feature_subset_size,RMSE,Std. Dev.,R_squared
0,50,20,10,2,19832.80786460498,35513.738377286485,0.6881285445089229
1,50,20,10,3,13054.200682765533,35513.738377286485,0.8648836864413908
2,50,20,10,5,7862.5086178391275,35513.738377286485,0.9509849458317341
3,50,20,100,2,17869.716645410725,35513.738377286485,0.7468123311471389
4,50,20,100,3,15138.621993471606,35513.738377286485,0.8182895483546988
5,50,20,100,5,7279.557550749091,35513.738377286485,0.9579837599505008
6,50,20,200,2,32582.198027910876,35513.738377286485,0.158279361803928
7,50,20,200,3,33880.86796730866,35513.738377286485,0.08984308445415345
8,50,20,200,5,35078.50298079321,35513.738377286485,0.024360623370810797
9,50,50,10,2,19485.442523888625,35513.738377286485,0.698957532832701
10,50,50,10,3,12513.353985619997,35513.738377286485,0.8758477259820859
11,50,50,10,5,10697.683311779394,35513.738377286485,0.9092625244750713
12,50,50,100,2,20234.26096615458,35513.738377286485,0.6753750380152788
13,50,50,100,3,18968.955477694162,35513.738377286485,0.7147050709606568
14,50,50,100,5,10074.406495823569,35513.738377286485,0.9195277473322185
15,50,50,200,2,32525.633289153804,35513.738377286485,0.16119938454211236
16,50,50,200,3,33630.38094922563,35513.738377286485,0.10325122590541036
17,50,50,200,5,35364.14815820136,35513.738377286485,0.008406615328288236
18,50,70,10,2,21397.879033659345,35513.738377286485,0.6369648521032834
19,50,70,10,3,16221.958472341074,35513.738377286485,0.7913522102189485
20,50,70,10,5,10040.031248778943,35513.738377286485,0.9200759749920573
21,50,70,100,2,20768.55413295391,35513.738377286485,0.6580050102486623
22,50,70,100,3,20568.608850415018,35513.738377286485,0.6645582951196621
23,50,70,100,5,8401.613466252571,35513.738377286485,0.9440329247368097
24,50,70,200,2,32698.055687482007,35513.738377286485,0.15228264136744352
25,50,70,200,3,34347.93306486608,35513.738377286485,0.06457616054422921
26,50,70,200,5,35446.58780408974,35513.738377286485,0.003778092140048872
27,70,20,10,2,21684.616449164238,35513.738377286485,0.6271701228528463
28,70,20,10,3,14704.75566748399,35513.738377286485,0.8285557818357777
29,70,20,10,5,9857.268612915834,35513.738377286485,0.9229592679812497
30,70,20,100,2,18304.51609432918,35513.738377286485,0.7343414961977435
31,70,20,100,3,13511.21985239152,35513.738377286485,0.855257409981814
32,70,20,100,5,10159.998163172635,35513.738377286485,0.9181545620638577
33,70,20,200,2,32648.137295434473,35513.738377286485,0.1548689961362817
34,70,20,200,3,33190.65144762286,35513.738377286485,0.12654854793663783
35,70,20,200,5,35439.01064456889,35513.738377286485,0.004203956855619473
36,70,50,10,2,18142.195761131825,35513.738377286485,0.7390322052579302
37,70,50,10,3,13679.919899837818,35513.738377286485,0.8516203552652672
38,70,50,10,5,8521.461949662227,35513.738377286485,0.9424248025249975
39,70,50,100,2,20111.043036881496,35513.738377286485,0.6793166522370451
40,70,50,100,3,18736.353035211192,35513.738377286485,0.7216588996496622
41,70,50,100,5,14145.907769251264,35513.738377286485,0.8413394840150479
42,70,50,200,2,32802.34712800624,35513.738377286485,0.14686637698836602
43,70,50,200,3,32735.947954229137,35513.738377286485,0.15031674193301625
44,70,50,200,5,34898.75932941204,35513.738377286485,0.03433343751790585
45,70,70,10,2,20826.51534791839,35513.738377286485,0.6560934563301728
46,70,70,10,3,15489.310764414195,35513.738377286485,0.8097733304947474
47,70,70,10,5,5388.7929670309695,35513.738377286485,0.9769754996013458
48,70,70,100,2,20114.92465311443,35513.738377286485,0.6791928506209852
49,70,70,100,3,14555.307232745565,35513.738377286485,0.832022941520671
50,70,70,100,5,8792.957100157035,35513.738377286485,0.9386976495436188
51,70,70,200,2,32860.725400168136,35513.738377286485,0.14382703440135158
52,70,70,200,3,34532.488034554204,35513.738377286485,0.05449689804612212
53,70,70,200,5,35304.04003497583,35513.738377286485,0.011774555305459233
54,100,20,10,2,19858.905885256867,35513.738377286485,0.6873072202715781
55,100,20,10,3,15699.58012952808,35513.738377286485,0.8045735722464841
56,100,20,10,5,7790.931798174768,35513.738377286485,0.9518733067005303
57,100,20,100,2,21613.469900864664,35513.738377286485,0.6296125957607337
58,100,20,100,3,15460.859641787923,35513.738377286485,0.8104715141377723
59,100,20,100,5,8435.878869060522,35513.738377286485,0.9435754780667168
60,100,20,200,2,32812.26515192441,35513.738377286485,0.1463503969075678
61,100,20,200,3,32531.81279816711,35513.738377286485,0.1608806286667429
62,100,20,200,5,35409.47105489972,35513.738377286485,0.005863322995693365
63,100,50,10,2,20943.93258809913,35513.738377286485,0.6522047224944938
64,100,50,10,3,14258.757666817057,35513.738377286485,0.8387979374824823
65,100,50,10,5,8492.84038961278,35513.738377286485,0.9428109157396981
66,100,50,100,2,19287.3213248917,35513.738377286485,0.7050482008144927
67,100,50,100,3,14375.351335793863,35513.738377286485,0.8361508648329259
68,100,50,100,5,10639.044865468904,35513.738377286485,0.9102545377804157
69,100,50,200,2,31660.456684596295,35513.738377286485,0.20522981239543603
70,100,50,200,3,33800.196119828535,35513.738377286485,0.09417217230390518
71,100,50,200,5,35008.13639860166,35513.738377286485,0.028270912868195275
72,100,70,10,2,21235.538158164396,35513.738377286485,0.642452487462106
73,100,70,10,3,14220.318652384865,35513.738377286485,0.8396659087747755
74,100,70,10,5,10642.597964155053,35513.738377286485,0.910194583576849
75,100,70,100,2,23772.663071289095,35513.738377286485,0.5519124386325092
76,100,70,100,3,16275.707754662802,35513.738377286485,0.7899672667020283
77,100,70,100,5,7354.647793915012,35513.738377286485,0.9571124756805953
78,100,70,200,2,33010.61839066889,35513.738377286485,0.1359984170602606
79,100,70,200,3,33838.49931748993,35513.738377286485,0.09211799714832591
80,100,70,200,5,35420.48673784773,35513.738377286485,0.005244686369624496
